2.971560
1.969877
1.627761
1.676035
1.554837
0.917701
2.093317
0.720304
1.331742
1.425986
1.057662
0.406815
0.679607
1.269304
0.530075
0.357635
0.407014
0.166429
1.018000
0.000000
1.055407
1.646712
0.810180
1.299415
0.806023
1.381271
2.143985
2.625634
2.507301
1.550614
1.281700
0.876349
1.518491
1.446927
0.000000
1.771026
1.007127
0.837562
1.985615
0.946065
0.964595
0.963237
2.521099
0.542369
1.158654
2.932542
2.638447
1.526193
1.325455
1.827876
1.463147
0.335415
1.226712
1.403274
1.172590
2.368187
1.841039
1.725538
0.452590
1.217133
0.891154
1.611511
1.089244
1.700065
2.044372
1.423633
0.874108
1.704302
1.888554
2.036822
1.498013
1.388271
0.757226
1.445209
1.584916
1.086328
1.095774
0.000000
2.651587
1.135825
1.791918
2.741435
0.741511
1.654406
1.938106
0.938505
1.319446
0.000000
1.325367
0.745198
0.780665
1.114769
0.830043
0.830650
1.042646
1.898789
1.325245
0.974782
2.119189
0.818203
0.000000
0.339154
0.664054
0.742858
0.711768
0.619815
0.505729
0.730250
0.883411
0.822184
2.106102
1.524099
1.809100
1.224768
1.286167
1.091971
0.739786
0.578006
0.519895
2.215581
0.692693
0.546874
2.112355
1.498740
0.655344
0.544575
0.543000
0.365674
1.907598
1.281949
1.247141
1.225476
1.526193
0.991843
0.913083
1.294598
1.094855
1.901685
0.785184
0.722131
1.189202
0.340802
0.514462
1.401435
0.211359
0.606000
1.014810
0.641411
0.799549
2.382687
0.896635
0.776404
0.422307
1.082763
1.316167
0.817573
1.059699
0.480124
0.900188
0.749140
0.854836
2.080323
0.000000
0.856033
2.621908
0.717891
1.687759
0.704652
0.746846
0.823944
1.192437
0.654795
0.819928
0.682676
0.904669
2.235566
0.980871
0.808089
2.102467
0.673971
1.072021
0.000000
1.252274
0.785873
1.165372
1.171727
0.646155
0.000000
1.611596
1.721825
1.059472
0.562854
0.896560
0.000000
0.593910
1.049928
1.112326
0.391467
0.751653
1.630589
0.624141
0.576292
0.529336
1.428710
0.409408
1.025594
1.526193
0.918345
0.242662
1.526193
0.000000
0.364172
1.679691
0.000000
1.395627
0.555080
0.512123
1.295408
0.871478
0.796484
0.926158
0.945996
0.630865
0.670241
0.884599
0.836958
1.576707
0.459204
0.000000
0.000000
1.030075
1.021250
0.990974
1.292103
0.808217
0.834035
0.212841
0.275534
0.000000
2.427884
0.024716
0.880726
0.739608
0.773066
0.818659
0.205906
0.443254
1.476703
0.305288
1.697425
0.927982
0.000000
