4.649753
4.098955
3.620316
3.763161
3.600222
3.463356
3.445349
2.834674
3.261820
3.029450
3.118399
3.186950
3.123828
3.128191
3.263356
2.971866
2.989470
3.117504
3.130039
2.847288
3.122476
2.988969
3.054840
2.944695
2.769390
3.016462
2.862852
2.582130
2.671413
2.800217
2.846703
2.783405
2.738454
2.668342
2.711612
2.790626
2.620089
2.667443
2.666248
2.722114
2.621893
2.727499
2.648586
2.592754
2.555274
2.626153
2.475187
1.485684
2.459390
2.103021
1.670767
2.303038
2.278416
1.837148
2.160959
1.713731
1.119960
1.849677
1.784997
1.310488
1.874101
1.423804
1.538336
1.741327
1.754690
1.706390
1.531196
1.526193
1.969570
1.632051
1.294012
1.316880
1.428686
1.787310
1.685532
1.421739
1.550960
1.918379
1.225222
1.379753
1.449448
0.966416
1.526193
1.490208
1.273992
1.543865
1.523805
1.536747
0.910191
1.466593
1.394890
1.526820
1.459000
1.215875
1.205085
1.379603
1.497463
1.240551
1.150658
1.403933
1.536526
1.121216
1.468594
1.121070
1.576498
1.161986
1.038345
0.804830
1.187725
1.047480
1.331571
1.046345
1.290313
1.577888
1.316439
1.282987
0.936288
1.526193
1.351063
1.079674
1.117895
1.049261
1.209294
1.111967
1.381196
0.945075
1.090073
1.221470
0.840107
0.867759
1.043593
1.411767
0.978720
1.133953
0.822222
1.024612
0.845887
0.931167
1.010798
1.114989
1.221527
1.062724
1.139356
1.133792
0.846239
1.062783
0.496452
0.632664
0.707725
1.029884
0.934445
0.676946
0.461934
0.703243
0.818942
1.029400
1.096128
0.783089
0.738578
0.747057
1.016435
0.657584
0.790618
0.869358
0.636741
0.785458
0.684759
0.658395
0.640078
0.906683
0.702004
0.846092
0.797589
1.056220
0.468880
0.910949
0.951721
0.933668
0.913013
0.516563
0.818410
0.653223
0.791588
0.571847
0.727188
0.651842
0.792955
0.614597
0.678387
0.925425
0.447841
0.724920
0.516589
0.258431
0.582648
0.446769
0.598046
0.678837
0.446203
0.798143
0.842139
0.494565
0.789097
0.471195
0.547543
1.438335
0.470887
0.701319
0.624791
0.547552
0.731232
0.683234
0.897631
0.902106
0.651760
0.491849
0.476945
0.537048
0.467506
0.000000
0.380349
0.424321
0.291548
0.318547
0.416208
0.455231
0.375484
0.587071
0.290307
0.484056
0.085300
0.197148
0.268266
0.131671
0.351199
0.570455
0.059859
0.575715
0.262918
0.000000
0.157625
0.323849
0.219639
0.000000
0.000000
0.000000
0.000000
0.000000
0.000000
0.000000
0.000000
