4.539215
4.354729
4.113880
3.616746
3.935098
3.605272
3.617639
3.554957
3.516957
3.601644
3.498117
3.352367
3.291926
3.432946
3.519672
3.375472
3.302047
3.355503
3.532468
3.405499
3.314674
2.852723
3.169958
3.125888
3.238763
3.258241
3.124737
3.029682
3.220573
3.108228
3.113308
3.271390
3.040808
3.185140
2.716683
3.003370
3.057636
2.826535
3.102202
2.868507
2.969614
3.039734
2.888069
2.996388
2.799219
2.879991
3.066656
2.804682
2.983248
3.047218
2.891342
2.986166
2.505301
2.843132
2.463972
2.690598
2.584375
1.916766
2.520547
2.846189
1.789684
1.020569
2.301613
1.722038
2.310902
2.077860
2.050237
2.650599
2.228724
2.266068
2.568940
1.757732
2.019893
1.965745
1.526193
1.728040
1.875507
1.927702
1.722917
1.951421
1.747387
1.392988
2.036882
2.940069
2.108696
1.542720
1.553758
1.983542
1.530959
1.840206
1.541956
1.712797
1.819723
1.861256
1.370382
2.221580
1.333219
1.571927
1.466200
1.534535
1.615122
1.731522
1.574539
1.756182
1.487525
1.590680
1.384107
0.958492
1.476200
0.834330
1.526193
1.431896
0.910675
1.306054
1.574451
1.523513
1.064490
1.563727
0.800535
2.033765
1.532073
1.563586
1.754439
1.630435
1.328098
1.274225
1.307045
1.210260
1.232517
1.405037
1.533879
0.925741
1.236761
1.357093
1.388397
1.360165
1.082369
1.197283
1.511940
1.724167
1.273431
1.325942
1.245221
1.524220
1.556468
1.131184
1.626855
1.333733
1.224379
1.189428
1.413315
1.082175
1.334137
1.222602
1.064077
1.318619
1.064950
1.363516
0.781023
1.750462
1.128224
1.211858
1.214884
1.610860
1.334859
1.175789
1.222230
1.035210
1.013399
0.768253
1.136104
1.206094
1.539361
0.953679
1.512703
1.215434
1.139055
0.932947
0.828047
1.087378
0.913883
0.886216
1.456784
1.105016
0.879983
0.896866
1.313268
0.962646
0.906687
1.087709
0.795117
1.369493
1.009110
0.797369
1.087423
1.048216
1.007128
0.749755
0.826351
1.526193
0.943899
1.069755
0.984151
1.458567
1.061190
1.211827
0.654929
1.230639
0.985987
0.847585
0.555274
0.735704
0.868035
1.277067
1.233596
1.071276
0.859200
0.562762
0.656470
0.812103
0.812341
0.922934
0.765488
0.765590
0.701157
0.784470
1.110405
0.762207
0.817303
0.685310
1.209090
0.691216
0.562884
1.059555
0.658844
0.640760
0.847036
0.576088
0.809068
0.756109
0.672004
0.700140
0.850913
0.836014
0.757827
0.628497
0.982252
0.682198
0.704905
0.806470
0.918267
0.465238
1.144425
0.984450
0.846782
0.520341
0.528613
0.793594
0.898692
0.869230
0.874724
0.651825
0.565690
0.470942
0.881992
0.226867
0.736315
0.940975
0.795073
0.738146
0.584684
0.674251
0.589954
0.621471
0.750405
0.689376
0.589935
0.641317
0.505798
0.538527
0.302819
0.658764
0.562676
0.626080
0.581624
0.522474
0.479067
0.780502
0.432083
0.637739
0.463360
0.598081
0.722619
0.758638
0.428053
0.520578
0.734179
0.565006
0.769304
0.633716
0.385066
0.371954
0.438061
0.514573
0.557578
0.348452
0.407318
0.337069
0.647709
0.336050
0.578565
0.726848
0.350370
0.564964
0.599098
0.445308
0.243108
0.553361
0.436788
0.634891
0.547742
0.714064
0.457450
0.321900
0.655671
0.358063
0.481611
0.749594
0.579929
0.612810
0.000000
0.477860
0.079974
0.216001
0.498987
0.263170
0.288362
0.367513
0.532966
0.497988
0.205755
0.129795
0.300402
0.000000
0.263310
0.256261
0.158478
0.005465
0.107564
0.000000
0.000000
0.000000
0.000000
0.000000
0.000000
0.000000
0.000000
0.000000
