4.348308
3.910352
3.724779
4.020479
3.936333
3.441565
3.697002
3.669048
3.579982
3.464487
3.557852
3.392717
3.315842
3.476379
3.351842
3.129592
3.266387
3.277327
2.984010
3.263951
3.084514
3.142580
3.168104
3.121982
3.159773
3.132005
3.172345
2.992904
3.140709
2.979078
3.021163
2.916086
2.884358
2.698507
2.922619
3.017191
2.877909
2.906569
2.805733
3.026711
2.798117
3.076326
2.851301
2.911279
2.897433
2.615796
2.897922
2.789759
2.636191
2.765316
2.861140
2.365790
2.978748
2.652303
2.498429
2.389880
2.540238
2.559528
2.639019
1.864947
1.852839
2.289194
2.199062
1.925197
2.754477
2.178088
1.650059
1.608130
2.122552
2.155984
1.476006
2.191636
1.317614
1.887745
2.063299
1.332983
1.524730
1.143736
1.711665
1.635283
1.810525
1.985299
2.915907
1.526193
1.549914
1.650540
1.468043
1.978436
1.847846
1.350666
1.512582
1.867666
1.646470
1.787646
1.573153
1.679648
1.657792
1.552392
1.746526
1.481246
1.489885
1.827901
1.286357
1.310969
1.612861
1.526193
1.441857
1.584310
1.282987
1.526193
0.703418
1.707811
1.542641
2.150950
0.832241
1.682082
1.411129
1.296162
1.225571
0.954327
1.368931
0.984191
1.430687
1.443757
1.254514
1.435601
0.736143
1.242919
1.095663
1.054808
1.192109
1.150354
1.403594
1.411572
1.053003
1.290692
0.898511
1.082229
1.179448
1.064739
1.228730
1.315103
0.800090
1.297953
1.383901
1.515109
1.182419
1.373964
1.063493
1.176887
1.122164
0.912304
1.334249
1.330575
1.157948
1.001529
0.928006
1.326352
0.721718
1.314435
1.391159
1.167849
0.998544
0.926395
1.036084
0.991084
1.212247
1.003490
1.055317
1.055996
1.571225
0.732553
0.825840
1.190632
0.976186
0.983747
1.032741
1.211568
0.834549
1.127891
0.745516
0.719234
1.370624
1.016447
1.274689
1.018726
1.266009
0.988780
0.555084
1.037532
0.707810
0.980277
0.695430
0.940397
0.750602
0.812686
0.521660
0.651077
0.871861
1.031091
0.770522
0.741382
0.820887
0.672150
0.884229
0.781393
1.266358
1.082867
0.756697
0.740453
0.844381
0.761936
1.272418
0.843142
1.091075
0.729158
0.830629
0.725781
1.133278
0.962111
0.798111
0.869245
0.863806
0.877510
0.863639
0.745301
1.176603
0.616168
0.573422
0.770031
0.631440
0.968386
0.688734
0.784359
0.373580
0.666647
0.663202
0.628524
0.802057
0.629904
0.786631
0.650539
0.741450
0.608267
0.739165
1.443759
0.706726
1.010609
0.840522
0.798244
0.831279
0.305225
0.446394
0.467421
0.566185
0.836229
1.398284
0.659259
0.769431
0.310262
0.839389
0.801132
0.703903
0.426775
0.582196
0.541436
0.357112
0.733143
0.466897
0.433159
0.453902
0.537773
0.503151
0.356264
0.594277
0.540656
0.795896
0.628730
0.776773
0.550640
0.413415
0.469706
0.691269
0.412643
0.453791
0.421466
0.139626
0.711826
0.451934
0.231943
0.348636
0.510818
0.696381
0.284415
0.492555
0.339844
0.461956
0.349979
0.459203
0.075884
0.375954
0.187089
0.525228
0.449950
0.393113
0.000000
0.000000
0.555554
0.501377
0.470148
0.342282
0.030091
0.000000
0.000000
0.227433
0.000000
0.000000
0.226968
0.356505
0.000000
0.065567
0.000000
0.154116
0.000000
0.000000
0.000000
0.000000
0.000000
0.000000
0.000000
0.000000
