4.953252
4.186408
3.797398
3.562255
3.376897
3.466323
3.344197
3.286399
3.436986
3.252497
3.268449
3.289218
3.357293
3.283292
3.155305
3.096296
3.216341
3.066148
2.647428
3.063401
2.931524
3.039660
2.942779
2.918020
2.697009
2.961333
2.971558
2.820758
2.776627
2.739976
2.853730
2.776029
2.874276
2.886899
2.838448
2.792945
2.840246
2.724998
2.002570
2.540547
2.733124
2.274583
2.317606
2.457247
2.650833
1.969115
2.327230
1.978468
2.304797
1.614904
1.799016
2.219346
1.878448
1.951829
1.550366
1.795969
1.868988
1.514649
1.985166
1.738826
1.921947
1.429241
1.683872
1.522296
1.526193
2.016367
1.704437
1.673243
1.811732
2.153228
0.793201
1.481121
1.869174
1.499349
1.387789
1.817235
2.135330
1.623599
1.482716
1.020136
1.497872
1.487799
1.446842
1.001127
1.207856
1.032429
0.721032
1.078271
1.799362
1.399891
1.874269
1.349580
1.354284
1.109623
0.687346
1.655775
1.448206
1.303558
1.326967
1.100644
1.078981
1.316054
1.434005
0.867187
1.035022
1.272986
1.460584
1.146568
1.570116
1.079659
1.379358
0.927274
1.053513
1.131049
1.428100
0.955941
1.139378
1.305601
1.147844
1.416358
1.533741
1.275246
0.981195
1.076031
1.280421
1.098811
1.167778
1.320088
1.319645
1.196136
0.942405
0.815198
0.593003
0.731813
1.072671
0.914862
1.084599
1.123260
0.792597
1.180656
0.861638
1.116881
1.187504
1.058427
0.988683
1.046527
0.911987
1.290546
0.698819
0.890515
0.946171
1.075273
0.852316
1.461817
0.668276
0.915374
0.895828
0.827168
0.884867
0.675251
0.869839
0.722106
1.225610
0.820670
1.053809
0.846896
0.636670
1.044049
1.076676
0.840084
0.967507
0.720766
0.983162
0.680715
0.902155
0.650851
0.879122
1.012791
0.782311
0.596017
1.041422
0.838926
0.974515
0.763210
0.916607
0.758803
0.719591
0.649925
0.751242
0.994057
0.458391
0.527748
0.754379
0.439288
0.576281
0.635981
0.791197
0.640866
0.836611
0.592602
0.837221
0.872436
0.972947
0.804241
0.895278
0.843360
0.646910
0.984369
0.687811
0.620103
1.020468
0.512049
0.861128
0.578853
0.773319
0.484562
0.551790
0.675904
0.913377
0.734018
0.557200
0.566765
0.485012
0.438282
0.339716
0.530901
0.628854
0.576961
0.242035
0.530978
0.574188
0.367677
0.508519
0.555983
0.553005
0.529976
0.611346
0.435013
0.613768
0.489633
0.287157
0.559878
0.788518
0.170033
0.466074
0.000000
0.364120
0.585869
0.416799
0.138602
0.009726
0.459661
0.272722
0.447795
0.152053
0.480757
0.000000
0.636783
0.263130
0.000000
0.180007
0.195617
0.148763
0.503680
0.000000
0.000000
0.000000
0.000000
0.000000
