4.354798
4.824491
4.072255
3.387787
3.486555
3.712187
3.439577
3.681865
3.494398
3.701823
3.353814
3.739855
3.417887
3.473802
3.522361
3.342974
3.251025
2.912065
2.741126
3.132300
3.095964
2.913696
2.991216
3.034671
2.961881
2.912247
2.930067
2.730306
2.834693
2.726406
3.033533
2.865217
2.639291
2.950494
2.868951
2.917028
2.785644
2.834683
2.776797
2.970756
2.719509
2.890696
2.705027
2.739491
2.688418
2.767351
2.115410
2.775065
2.847249
2.375210
2.803768
2.686418
2.690993
2.811116
2.130957
2.734160
2.775966
2.703212
2.634011
2.663743
2.492906
2.059055
1.794803
2.511977
2.466936
2.064955
2.604385
2.333828
2.919381
2.447249
1.958009
2.442984
2.226729
1.937219
2.333056
2.141323
1.700873
1.651814
2.098512
1.526193
1.112744
1.938667
1.950223
1.672564
1.672360
1.416829
1.712123
2.053705
2.368220
1.556936
1.225155
1.402216
1.064338
1.546122
1.531924
1.514530
1.696759
1.813345
1.689118
1.678717
1.532276
1.520915
1.646697
0.970865
1.755587
1.579098
1.546478
1.137788
1.202289
1.684623
1.524549
1.504121
1.412790
1.120297
1.306733
1.526193
1.406692
1.692461
1.770862
1.668885
1.622296
1.122244
1.422025
1.596341
1.221447
0.794447
1.514817
1.181440
1.404750
1.538983
1.761501
1.743271
1.183642
1.552907
1.539096
1.331368
0.773491
1.701657
1.552965
1.614108
1.526193
1.126707
1.301198
0.763291
1.346983
1.312428
1.388753
1.031881
1.048560
1.313418
1.250477
1.390916
1.611338
1.512641
1.048732
1.484473
1.391939
0.776047
1.285596
1.026291
1.041307
0.977767
1.361830
1.531501
1.147256
0.930252
1.054330
1.181425
1.163882
0.906703
1.996143
1.228102
1.165139
1.185103
1.247296
1.008608
1.140032
0.932353
1.368712
1.526193
1.448372
1.109084
1.283710
0.592199
1.292141
1.330299
1.261116
1.517258
1.233290
1.056943
1.065147
0.882290
1.004396
0.648671
1.318087
0.992378
0.769407
1.013352
1.411801
0.686404
1.242111
0.900630
0.921661
0.950769
2.084114
0.862462
0.986801
1.432208
1.072723
1.095755
1.051188
0.999566
0.969543
1.095396
1.483661
0.859489
1.316059
0.965784
1.033319
0.512449
0.812939
0.926236
0.984505
1.322172
0.735959
1.150403
0.975659
1.175478
0.946397
0.914955
0.670256
1.127045
1.069275
0.829619
0.968978
0.767111
0.922208
0.867057
1.190032
0.685353
0.610030
0.834432
0.747136
1.020521
1.099099
1.092774
0.918321
0.796528
0.841980
0.711162
1.029635
0.671207
0.849806
0.785703
0.858490
0.729450
0.585537
1.061572
0.620963
0.868628
0.514553
0.609274
1.015846
1.023458
0.775976
0.816176
0.665141
0.752994
0.593775
0.742120
0.783086
0.757062
0.790551
0.826231
0.677589
0.526947
0.542799
0.677044
1.038314
0.758530
1.526193
0.654131
0.925600
0.570092
0.533288
0.741153
0.686186
0.927294
0.792240
0.671879
0.856543
0.470649
0.524616
0.721680
0.594897
0.431968
0.897509
0.508278
1.053962
0.814602
0.738614
0.628935
0.479139
0.567903
0.760249
0.746751
0.654234
0.595126
0.534221
0.651417
0.770585
0.708647
0.581831
0.639386
0.573568
0.522134
0.629937
0.887245
0.638337
0.786597
0.581735
0.433726
0.678133
0.697500
0.431299
0.698770
0.376922
0.000000
0.395460
0.487500
0.526068
0.166595
0.675630
0.306604
0.116509
0.572591
0.248243
0.658801
0.222257
0.305121
0.565291
0.569626
0.273791
0.389874
0.534148
0.613146
0.439070
0.000000
0.373000
0.527006
0.651633
0.426901
0.236972
0.341485
0.665757
0.157429
0.000000
0.304661
0.043344
0.514558
0.079911
0.289007
0.418834
0.347759
0.000000
0.000000
0.544856
0.315933
0.577879
0.209131
0.298404
0.595588
0.000000
0.000000
0.000000
0.000000
0.174071
0.166175
0.000000
0.243178
0.227306
0.000000
0.429789
0.000000
0.000000
0.000000
0.000000
0.000000
0.000000
0.000000
