5.647046
4.047715
3.739811
3.643008
3.686530
3.515615
3.457167
3.283782
3.490980
3.444137
3.361696
3.250566
3.198989
3.342809
3.351747
3.075476
3.084794
3.071255
3.023746
3.180696
3.214195
3.024326
3.138079
3.018521
3.130525
3.004191
2.857801
2.815324
2.672127
2.765413
2.748127
2.847858
2.763738
2.829631
2.900793
2.889565
2.869476
2.761228
2.674026
2.744443
2.905464
2.765346
2.799204
2.434284
2.609205
2.666066
2.681301
2.629075
2.669158
2.630908
2.673007
2.348728
2.565032
2.744949
2.549666
2.641952
2.514434
2.655882
2.679170
2.352541
2.538774
2.569319
2.521752
2.690990
2.474394
2.557484
1.583924
2.299367
2.369877
1.750077
0.891279
1.595870
1.669419
1.817502
1.540945
2.148597
1.400253
1.381981
1.713030
1.479065
2.504200
1.839780
1.451557
1.634146
2.457348
1.824347
1.376247
1.529356
1.878298
1.679380
1.005388
2.041772
1.246494
1.444511
1.733782
1.845841
1.671602
1.011183
1.828884
1.285832
1.524724
1.526193
1.834348
0.868830
1.664616
1.478966
1.045657
1.306555
1.450248
1.510536
1.650752
1.163291
1.512983
1.439228
1.588235
1.265542
1.488809
1.862880
0.897874
1.268492
1.370826
1.126384
1.376599
1.215968
1.925537
1.340676
1.284312
1.524931
1.524190
1.273952
1.526658
1.399292
1.248202
1.270665
1.399588
1.117870
1.223242
1.203014
1.520944
1.055302
1.533232
1.040871
1.829996
1.822496
1.059160
1.172223
1.092372
1.531758
1.154573
0.979916
1.060059
1.140935
1.217337
1.826591
0.909137
1.223498
1.095719
1.509464
0.968817
0.936715
1.283606
1.117861
1.033140
0.724578
1.151670
1.118401
0.948425
1.078824
1.137835
0.961830
0.900517
1.108434
0.913633
1.351001
1.215493
1.268253
0.743870
1.140311
1.137237
0.821930
1.238643
1.111027
0.931789
1.075217
0.848512
0.982518
0.801691
0.524715
0.773230
0.967383
0.904935
0.845020
0.528112
1.078378
0.885850
1.038004
0.834165
0.811049
1.716018
0.957686
1.552295
0.859537
0.655256
0.829896
1.099976
0.852863
0.736059
1.108087
0.763105
0.663434
0.766053
0.951803
0.889825
0.502755
1.055103
0.968712
0.965937
0.785862
1.083521
0.727069
0.953728
1.033711
0.895183
0.870211
0.873328
0.796649
0.940185
1.064792
0.780568
0.565092
1.117038
0.647928
1.053826
0.870114
1.180071
0.889252
0.214726
0.759971
0.735368
0.759014
0.615338
1.120391
1.160540
0.973130
1.077226
0.616047
0.653246
0.562697
0.671584
0.646416
1.039794
0.664362
0.479752
0.619205
0.709724
0.938969
0.647195
0.541634
1.314494
0.743434
0.501852
0.664415
0.566988
0.873157
0.411929
0.457693
0.703504
0.513972
0.471100
0.604350
0.554605
0.642874
0.593212
0.466109
0.635813
0.350828
0.731628
0.602221
0.419716
0.444429
0.520380
0.445385
0.467594
0.823972
0.507860
0.590591
0.756268
0.663649
0.869170
0.327700
0.635488
0.498169
0.583212
0.945931
0.464413
0.652158
0.494724
0.558602
0.472255
0.367186
0.840233
0.000000
0.417004
0.120095
0.528721
0.206168
0.552331
0.253718
0.100908
0.651593
0.000000
0.632633
0.521197
0.619670
0.482190
0.368526
0.291476
0.362965
0.349979
0.371784
0.539400
0.270215
0.075547
0.000000
0.150777
0.000000
0.060156
0.000000
0.000000
0.338522
0.000000
0.465915
0.000000
0.163303
0.000000
0.000000
0.000000
0.000000
0.000000
0.000000
0.276309
0.000000
0.499583
0.000000
0.000000
