4.064939
3.336958
3.259143
3.067119
2.973447
2.782478
2.525878
2.459414
2.295303
2.561812
2.374889
2.450394
2.007288
2.143327
1.555108
1.320593
1.778747
1.526193
1.539962
1.400885
2.161524
1.092394
1.301087
1.463288
1.314668
1.889352
1.534605
1.571542
1.695196
1.592618
1.148499
1.217795
1.477295
1.018890
0.791202
0.960593
1.083978
1.063119
1.243998
0.770204
1.046248
0.783638
0.754966
0.694684
1.333005
0.548838
1.183444
0.827353
1.144551
0.689730
0.886213
0.778580
0.459036
0.668267
0.632846
0.519260
0.456820
0.753995
0.355154
0.645031
0.828649
0.000000
0.000000
0.000000
0.000000
0.000000
