4.300006
3.482079
3.881080
3.546749
3.659004
3.548610
3.563642
3.426220
3.407641
3.000490
3.064939
3.095182
3.328982
3.224227
3.121123
3.005600
3.016159
3.074143
2.879677
2.958853
2.414433
2.910858
2.788131
2.843044
2.903070
2.908384
2.998044
2.892121
2.964254
2.273483
2.798534
2.723914
2.817861
2.722937
2.889949
2.562158
2.955686
2.659343
2.731222
2.714304
2.621036
2.738893
2.019938
2.674845
2.332918
2.637295
2.637645
1.863123
2.418340
1.525730
1.626318
1.386157
2.041738
2.128169
2.054171
2.507307
1.341552
1.633412
1.556231
1.810802
1.711121
2.032460
1.928307
0.972064
1.045622
1.200336
1.907546
2.136391
1.526193
2.269547
1.890182
1.568277
1.724928
1.406563
1.409493
1.626729
1.720392
1.462894
1.586751
1.217378
1.748603
1.334778
1.577116
1.473223
1.789607
1.388292
1.763265
1.371575
1.299572
1.483967
1.261434
1.350698
1.357571
0.762580
1.527001
1.996524
1.332523
1.371121
1.378956
0.829685
0.638297
1.385541
0.857996
1.585625
1.411850
1.231278
1.268502
1.351168
0.633094
1.091272
1.200987
1.266998
1.359219
1.174352
1.625336
1.380843
1.418868
0.813007
0.817145
1.253028
1.145657
1.015666
0.834938
1.183627
1.085797
1.665788
1.149805
1.452683
1.141210
1.208490
1.291723
1.681941
1.139474
1.125144
1.221617
0.653727
0.996124
0.936718
1.190310
1.666487
1.332433
1.159621
1.177445
1.514041
1.344287
1.202997
0.975188
1.095485
1.288589
0.808076
0.872282
1.180104
0.773032
0.849708
1.080054
0.563961
1.052571
0.717714
1.474210
1.125923
0.744446
0.856872
1.120230
0.929912
0.708898
1.161045
0.981948
0.945902
1.134853
0.910553
0.918296
0.295173
0.599968
0.841368
1.379214
0.904086
0.914017
1.082226
0.464369
0.840738
1.711638
1.079685
0.885736
0.750916
1.133824
0.916932
0.704324
1.597134
0.696894
0.704674
0.909600
0.864197
1.070750
0.871324
0.901893
0.836915
0.838025
1.219434
0.531186
0.886583
0.641507
0.605712
0.954159
0.744698
0.745025
0.695494
0.880498
0.900000
0.410756
0.735413
0.750407
0.838339
1.047671
0.835386
0.379769
0.800620
0.837159
0.432680
0.800100
0.945293
0.623128
0.669791
1.166685
0.839585
0.530303
0.612973
0.342797
0.740611
0.418485
0.622414
0.568962
0.426261
0.398997
1.453807
0.849102
0.902249
0.441865
0.399495
0.596556
0.371570
0.980702
0.717027
0.544990
0.532732
0.407788
0.544335
0.420205
0.751992
0.319769
0.459110
1.108764
0.000000
0.632646
0.312076
0.604075
0.577101
0.534823
0.417897
0.369554
0.760643
0.347064
0.638115
0.509490
0.449252
0.438085
0.488467
0.475809
0.138244
0.341551
0.000000
0.543776
0.115511
0.027763
0.428355
0.236318
0.210439
0.302211
0.400860
0.259976
0.467125
0.195414
0.372832
0.000000
0.000000
0.000000
0.000000
0.000000
0.000000
0.000000
