4.050480
3.461502
3.159401
3.189353
3.095140
3.137626
2.831330
2.633188
2.587364
2.645828
2.582519
2.747521
2.252664
1.954765
2.085547
1.845316
1.887019
1.793141
1.895559
1.653461
1.531850
1.880421
1.750835
1.102215
1.526193
1.866565
1.340831
1.391857
1.393556
1.268275
0.964283
1.201755
1.181107
1.201141
1.464690
1.220808
1.020447
1.442437
1.220916
1.472788
1.324554
1.023939
0.943913
1.557728
0.689040
1.249864
0.815752
1.379816
0.900050
0.469146
0.884825
1.524975
0.737000
0.932558
1.091421
0.796995
0.928462
0.781625
0.867519
0.879138
0.863177
0.656585
0.824344
0.659138
0.648432
0.857072
0.783524
0.413317
1.177156
0.376953
0.624211
0.470487
0.556346
0.439409
0.763910
0.466545
0.518290
0.661834
0.618939
0.753754
0.731938
0.368539
0.469871
0.328562
0.278344
0.832169
0.118591
0.000000
0.114084
0.000000
0.000000
