4.141741
3.818436
3.651279
3.781680
3.663972
3.996772
3.806737
3.585005
3.596968
3.639558
3.586964
3.550815
3.589784
3.389206
3.438751
3.326628
3.200800
3.285058
3.399103
3.042386
3.147657
3.282827
3.199139
3.103816
3.017294
3.157377
3.123262
3.118166
2.996111
3.010988
3.143561
3.149624
3.090783
3.035975
2.983374
2.844818
3.099904
3.073004
3.020487
3.045129
3.036389
2.456920
2.808898
2.787627
2.944656
2.982886
2.890229
2.970308
2.675618
2.879372
2.833455
2.713683
2.778193
2.879293
2.823358
2.694820
2.924850
2.788226
2.854528
2.631497
2.774924
2.770581
2.876051
2.730291
2.645013
2.703965
2.627873
2.696058
2.739976
1.569547
2.825150
2.667326
2.724143
2.625645
2.750875
2.691970
2.736348
2.856678
2.311511
2.633344
2.616602
2.839425
2.806956
2.714413
2.554123
2.636422
1.641910
2.445791
2.085473
2.253518
2.264172
2.386414
2.581967
2.000847
2.187523
2.160104
1.193498
1.587650
1.928005
2.321180
1.965855
2.061934
1.986918
2.123120
1.886650
2.183292
1.321965
2.137096
2.105716
1.968256
1.978438
1.845935
1.326033
1.938625
2.381626
1.182573
1.994543
2.244624
2.173305
1.724688
1.446192
1.758954
1.245638
1.870991
1.707798
1.651112
1.752086
1.430551
1.726617
1.337689
1.666128
2.085713
2.439541
1.523063
1.829778
1.537173
1.738501
1.841432
1.777984
1.728496
2.478982
2.295610
1.173717
2.387205
1.191734
1.657597
1.766262
1.841425
1.536385
1.715836
1.789889
1.817699
1.776527
1.714164
1.642684
1.097661
1.653388
1.339110
1.335937
1.517307
1.715620
1.224249
1.386365
1.522343
1.122654
1.357584
1.189941
1.303553
1.284885
1.610255
1.470109
1.286129
1.426635
1.898899
1.474473
1.475504
1.587716
1.526193
1.209338
1.645717
0.838416
1.368609
1.090902
0.908788
0.786357
1.076306
1.423415
1.298454
1.174039
1.526046
1.496008
1.202683
1.192928
1.329539
1.396084
1.173011
1.006342
1.410529
1.350203
1.613970
1.185661
1.464611
0.756962
1.326494
1.415660
1.689546
1.385047
1.171394
1.173127
1.158505
0.981418
1.156919
1.184481
1.514878
1.526193
1.728555
1.358559
0.933944
1.276488
1.765469
1.367523
0.983240
1.152958
1.066808
1.374944
1.205020
0.903278
0.863176
1.420939
1.235082
1.098680
1.126439
0.867453
1.126884
0.907287
0.962313
1.137030
1.005141
1.264890
1.050243
1.099754
1.002811
1.081576
0.984357
1.751683
1.212820
1.154874
1.208526
1.068362
1.177694
0.687408
0.900333
1.081941
1.137520
1.105263
0.808663
1.118555
1.021319
0.898539
0.602818
0.688115
1.401699
0.976563
0.667016
1.058192
0.901230
1.191781
0.985667
0.942188
0.955907
1.198148
0.951717
0.701295
1.089190
1.054363
0.817184
1.023123
0.719990
1.093334
0.899678
1.288283
1.354598
1.000269
0.880077
1.131470
0.820398
0.819152
0.860029
0.709075
0.916361
0.964540
0.917611
1.096903
1.144517
0.951861
0.791720
0.888498
1.599876
0.605999
0.832068
1.514266
1.387263
0.885024
0.698339
0.796420
0.732931
0.866443
1.044384
1.071769
1.118392
0.926753
0.749394
0.845114
0.820095
0.634467
0.888095
1.154630
0.781076
0.915948
1.013340
0.717291
0.646033
0.732637
0.635795
1.054721
0.930822
0.637967
0.775980
0.810724
0.813629
0.604028
0.812395
0.741492
0.860546
1.053552
0.614981
0.823128
0.620041
0.595529
0.786770
0.873189
0.961685
0.628770
0.662360
0.879794
0.598004
1.532150
0.812579
0.313229
0.647720
0.773203
0.877021
0.743780
1.127105
0.646460
0.762753
0.602465
0.585580
0.580821
0.557741
0.820350
0.685706
0.773902
0.689616
0.874063
0.769176
0.831520
0.547776
1.136013
0.535392
0.686163
0.420021
0.767970
0.834385
0.723179
0.537366
0.397323
0.787892
1.118033
0.789391
0.739900
0.801633
0.799421
0.603773
0.000000
0.917154
0.613347
0.708319
0.569726
0.562731
0.714955
0.653134
0.629549
0.883822
0.710601
0.751731
0.671153
0.832796
0.613966
0.673286
0.568406
0.576740
0.578705
0.439205
0.342916
0.473254
0.668936
0.822655
0.725331
0.797991
0.709359
0.592523
0.670185
0.471935
0.747900
0.498211
0.750894
0.637322
0.501206
0.451820
0.458640
0.778559
0.622778
0.075884
0.730045
0.564190
0.415597
0.652585
0.595123
0.340179
0.470362
0.000000
0.587793
0.558484
0.618765
0.684057
0.308512
0.761199
0.245166
0.728320
0.156675
0.362763
0.173949
0.617343
0.733689
0.528099
0.910478
0.493354
0.252644
1.131257
0.512513
0.584509
0.000000
0.579163
0.493283
1.061637
0.696420
0.493326
0.419994
0.587545
0.650944
0.561137
0.525728
0.606415
0.231213
0.000000
0.355476
0.492740
0.238164
0.386367
0.440878
0.482367
0.536648
0.571222
0.421952
0.648399
0.305290
0.413655
0.513784
0.369100
0.543242
0.334720
0.000000
0.612453
0.439912
0.332806
0.257924
0.733319
0.546043
0.000000
0.367766
0.620673
0.217906
0.635629
0.258232
0.260223
0.270163
0.484958
0.000000
0.336058
0.242646
0.000000
0.269658
0.238458
0.055236
0.206199
0.000000
0.301722
0.000000
0.306672
0.229735
0.000000
0.367286
0.216200
0.397289
0.000000
0.049875
0.000000
0.000000
0.000000
0.000000
0.000000
0.000000
0.000000
0.000000
0.000000
0.000000
0.000000
0.000000
0.000000
0.000000
0.000000
0.000000
0.000000
0.000000
