3.564204
3.359633
3.227955
3.069629
3.219709
3.135184
3.291025
3.183930
2.990375
3.174741
3.008913
2.956411
2.790455
2.917236
2.737478
2.594129
2.960298
2.854438
2.977057
2.948319
2.677919
2.722742
2.699003
2.745752
2.658384
2.750264
2.501475
2.661438
2.711514
1.328974
2.717430
1.661250
2.028118
2.100908
2.078345
1.939723
1.867474
1.650873
2.055920
1.856355
1.733533
2.066137
1.372809
1.377500
1.526193
2.540017
1.508637
1.927842
1.526316
1.967366
1.169066
1.300506
2.372304
1.293803
1.077677
1.525269
1.051254
1.097936
1.750664
2.283449
1.279486
1.795266
1.399954
1.117793
1.217427
1.055126
0.976560
1.301079
1.023467
1.464782
1.435702
1.094453
1.530672
1.366544
1.134673
1.325226
1.386279
0.935379
1.128494
0.825455
1.191937
1.375531
1.635932
1.217330
1.471089
1.142684
1.173417
1.272047
0.942612
0.803330
1.093360
1.512330
1.180465
0.556958
1.228306
0.730565
0.971954
0.703528
0.976487
0.946488
1.138342
1.090850
1.117726
0.623365
1.322384
1.126495
0.956186
1.140432
0.737406
0.806310
1.101565
0.719538
1.146799
0.958412
0.860464
0.868083
0.728008
0.833686
0.838808
1.470533
1.288732
0.868647
0.548554
0.719589
0.444990
0.963450
0.783978
0.820630
0.884859
0.603831
0.841108
0.721658
0.793028
0.872460
1.038251
0.793324
0.482403
0.734755
0.654970
0.643175
0.838681
0.641457
0.889598
0.603559
0.848253
0.700942
0.785771
0.468704
0.656306
0.629781
0.812482
0.634108
0.729349
0.738458
0.280580
0.594253
0.216331
0.504195
0.437208
0.974313
0.415805
0.399145
0.606472
0.707594
0.584822
0.094907
0.507689
0.552319
0.328177
0.638992
0.000000
0.195729
0.679256
0.856514
0.484183
0.000000
0.379933
0.775301
0.504340
0.050804
0.758912
0.255907
0.312663
0.169445
0.236774
0.315329
0.633455
0.000000
0.133371
0.000000
0.000000
0.079972
0.000000
0.000000
0.000000
