4.157717
3.649323
3.391174
3.099678
2.892804
2.900444
2.768233
2.867028
2.737345
1.825871
2.769157
2.394445
1.874871
1.607245
1.890722
1.423367
1.562156
1.762669
1.561370
2.239735
1.173807
1.638255
1.758024
1.398994
1.533358
1.544068
1.674099
1.404791
1.258707
1.330168
0.704887
1.710462
1.053257
1.289762
1.565464
1.526193
1.039356
1.444276
0.869925
1.229284
1.054186
1.042626
0.914058
0.904837
0.914589
1.366521
1.054251
0.882448
1.181640
0.745733
0.980303
1.061381
0.823527
0.748029
0.623970
0.817500
0.751021
0.856621
0.857390
0.784887
0.723314
0.724446
0.794792
0.887643
0.634900
0.898999
0.474393
0.762303
0.199658
0.000000
0.521933
0.521883
0.446635
0.782365
0.328964
0.332160
0.292130
0.777385
0.339518
0.397948
0.496975
0.000000
0.130094
0.160873
0.260608
0.000000
0.000000
